% % Parameter values used in the 2013 study (from Table S1 of the paper)
param_set = zeros(45,1);
param_set(1) = 49.9139; %psh1
param_set(2) = 34.3117; %psh6
param_set(3) = 28.5626; %psh7
param_set(4) = 37.7828; %psd
param_set(5) = 0.34951; %pdh1
param_set(6) = 0.14824; %pdh6
param_set(7) = 0.249715; %pdh7
param_set(8) = 0.324316; %pdd
param_set(9) = 48.3084; %msh1
param_set(10) = 36.4073; %msh6
param_set(11) = 39.685; %msh7
param_set(12) = 60.5577; %msd
param_set(13) = 0.322965; %mdh1
param_set(14) = 0.146372; %mdh6
param_set(15) = 0.381738; %mdh7
param_set(16) = 0.352056; %mdd
param_set(17) = 0.390961; %pdh11
param_set(18) = 0.29774; %pdh16
param_set(19) = 0.320157; %pdh17
param_set(20) = 0.268042; %pdh66
param_set(21) = 0.352037; %pdh67
param_set(22) = 0.251601; %pdh77
param_set(23) = 10.0213; %nmh1
param_set(24) = 10; %nmh6
param_set(25) = 10.4515; %nmh7
param_set(26) = 7.74472; %nmd
param_set(27) = 1.5398; %nph1
param_set(28) = 0.886233; %nph6
param_set(29) = 0.539972; %nph7
param_set(30) = 13.2661; %npd
param_set(31) = 0.0179429; %dah1h1
param_set(32) = 0.220856; %ddh1h1
param_set(33) = 0.0270209; %dah1h6
param_set(34) = 0.0917567; %ddh1h6
param_set(35) = 0.00120525; %dah1h7
param_set(36) = 0.258167; %ddh1h7
param_set(37) = 0.0148271; %dah6h6
param_set(38) = 0.251173; %ddh6h6
param_set(39) = 0.0216093; %dah7h6h7
param_set(40) = 0.188923; %ddh7h6
param_set(41) = 0.0202756; %dah7h7
param_set(42) = 0.161018; %ddh7h7
param_set(43) = 587.298; %critph11
param_set(44) = 769.628; %critph76
param_set(45) = 490.254; %critpd