function param_set = create_new_param_set()
param_set = zeros(44,1);
param_set(1) = 38.1479065786991; %psh1
param_set(2) = 47.8945904082216; %psh6
param_set(3) = 14.9391696705066; %psh7
param_set(4) = 44.7970144883311; %psd
param_set(5) = 0.17691; %pdh1
param_set(6) = 0.23852; %pdh6
param_set(7) = 0.17189; %pdh7
param_set(8) = 0.26918; %pdd
param_set(9) = 60.237; %msh1
param_set(10) = 49.432; %msh6
param_set(11) = 53.357; %msh7
param_set(12) = 39.951; %msd
param_set(13) = 0.34862; %mdh1
param_set(14) = 0.16033; %mdh6
param_set(15) = 0.3822; %mdh7
param_set(16) = 0.17247; %mdd
param_set(17) = 0.2973; %pdh11
param_set(18) = 0.35078; %pdh16
param_set(19) = 0.28916; %pdh17
param_set(20) = 0.2165; %pdh66
param_set(21) = 0.29429; %pdh67
param_set(22) = 0.26781; %pdh77
param_set(23) = 9.9569; %nmh1
param_set(24) = 9.0097; %nmh7
param_set(25) = 7.9618; %nmd
param_set(26) = 1.4427; %nph1
param_set(27) = 1.2781; %nph6
param_set(28) = 1.4389; %nph7
param_set(29) = 11.257; %npd
param_set(30) = 0.018134; %dah1h1
param_set(31) = 0.11596; %ddh1h1
param_set(32) = 0.028169; %dah1h6
param_set(33) = 0.047652; %ddh1h6
param_set(34) = 0.0006122; %dah1h7
param_set(35) = 0.139; %ddh1h7
param_set(36) = 0.012839; %dah6h6
param_set(37) = 0.25493; %ddh6h6
param_set(38) = 0.021102; %dah7h6h7
param_set(39) = 0.12165; %ddh7h6
param_set(40) = 0.010786; %dah7h7
param_set(41) = 0.079579; %ddh7h7
param_set(42) = 610.23; %critph11
param_set(43) = 407.03; %critph76
param_set(44) = 686.05; %critpd
end